Fuzzy Partition:
----------------

Variable X1:

	Label1:	 (-2.5787500000000003, -1.87, -1.1612500000000001)
	Label2:	 (-1.87, -1.1612500000000001, -0.4525000000000001)
	Label3:	 (-1.1612500000000001, -0.4525000000000001, 0.25624999999999987)
	Label4:	 (-0.4525000000000001, 0.25624999999999987, 0.9649999999999999)
	Label5:	 (0.25624999999999987, 0.9649999999999999, 1.6737499999999998)

Variable X2:

	Label1:	 (-1.38, -0.228, 0.9239999999999999)
	Label2:	 (-0.228, 0.9239999999999999, 2.0759999999999996)
	Label3:	 (0.9239999999999999, 2.0759999999999996, 3.2279999999999998)
	Label4:	 (2.0759999999999996, 3.2279999999999998, 4.38)
	Label5:	 (3.2279999999999998, 4.38, 5.532)

Variable X3:

	Label1:	 (-2.5302499999999997, -1.92, -1.30975)
	Label2:	 (-1.92, -1.30975, -0.6995)
	Label3:	 (-1.30975, -0.6995, -0.08925000000000005)
	Label4:	 (-0.6995, -0.08925000000000005, 0.5209999999999999)
	Label5:	 (-0.08925000000000005, 0.5209999999999999, 1.1312499999999999)

----------------------------------------------



