@Using Triangular Membership Functions as antecedent fuzzy sets
@Number of Labels per variable: 3

Class:
 L_1: (-3.2875,-1.87,-0.4525000000000001)
 L_2: (-1.87,-0.4525000000000001,0.9649999999999999)
 L_3: (-0.4525000000000001,0.9649999999999999,2.3824999999999994)

Age:
 L_1: (-2.532,-0.228,2.0759999999999996)
 L_2: (-0.228,2.0759999999999996,4.38)
 L_3: (2.0759999999999996,4.38,6.683999999999999)

Sex:
 L_1: (-3.1405,-1.92,-0.6995)
 L_2: (-1.92,-0.6995,0.5209999999999999)
 L_3: (-0.6995,0.5209999999999999,1.7414999999999998)
