Fuzzy Partition:
----------------

Variable X1:

	Label1:	 (3.3999999999999995, 4.3, 5.2)
	Label2:	 (4.3, 5.2, 6.1000000000000005)
	Label3:	 (5.2, 6.1000000000000005, 7.000000000000001)
	Label4:	 (6.1000000000000005, 7.000000000000001, 7.900000000000001)
	Label5:	 (7.000000000000001, 7.900000000000001, 8.8)

Variable X2:

	Label1:	 (1.4, 2.0, 2.6)
	Label2:	 (2.0, 2.6, 3.2)
	Label3:	 (2.6, 3.2, 3.8000000000000003)
	Label4:	 (3.2, 3.8000000000000003, 4.4)
	Label5:	 (3.8000000000000003, 4.4, 5.0)

Variable X3:

	Label1:	 (-0.4750000000000001, 1.0, 2.475)
	Label2:	 (1.0, 2.475, 3.95)
	Label3:	 (2.475, 3.95, 5.425000000000001)
	Label4:	 (3.95, 5.425000000000001, 6.9)
	Label5:	 (5.425000000000001, 6.9, 8.375)

Variable X4:

	Label1:	 (-0.5, 0.1, 0.7)
	Label2:	 (0.1, 0.7, 1.2999999999999998)
	Label3:	 (0.7, 1.2999999999999998, 1.9)
	Label4:	 (1.2999999999999998, 1.9, 2.5)
	Label5:	 (1.9, 2.5, 3.1)

----------------------------------------------



